,日期,股票名称,股票代码,开盘,收盘,最高,最低,成交量,成交额,振幅,涨跌幅,涨跌额,换手率
241,2025-01-24,新华医疗,600587,96.63,97.68,97.8,96.51,37085,59374156.0,1.33,0.76,0.74,0.62
240,2025-01-23,新华医疗,600587,97.86,96.94,98.54,96.94,43242,69529902.0,1.65,-0.32,-0.31,0.72
239,2025-01-22,新华医疗,600587,97.25,97.25,97.62,96.69,30194,48228001.0,0.95,-0.25,-0.24,0.5
238,2025-01-21,新华医疗,600587,97.98,97.49,98.29,96.63,27835,44504050.0,1.7,-0.19,-0.19,0.46
237,2025-01-20,新华医疗,600587,97.98,97.68,98.85,97.43,40812,65840900.0,1.46,0.19,0.19,0.68
236,2025-01-17,新华医疗,600587,96.88,97.49,98.23,96.39,37509,60230249.0,1.89,0.38,0.37,0.62
235,2025-01-16,新华医疗,600587,97.25,97.12,98.29,96.63,43538,69859394.0,1.71,0.19,0.18,0.72
234,2025-01-15,新华医疗,600587,97.43,96.94,97.55,96.51,36753,58521140.0,1.06,-0.82,-0.8,0.61
233,2025-01-14,新华医疗,600587,95.77,97.74,98.05,95.77,54103,86364991.0,2.38,2.06,1.97,0.9
232,2025-01-13,新华医疗,600587,95.59,95.77,96.39,95.09,32146,50633669.0,1.36,-0.13,-0.12,0.53
231,2025-01-10,新华医疗,600587,96.75,95.89,97.37,95.83,29028,46048304.0,1.59,-1.08,-1.05,0.48
230,2025-01-09,新华医疗,600587,96.2,96.94,97.49,95.4,41619,66243658.0,2.16,0.38,0.37,0.69
229,2025-01-08,新华医疗,600587,97.37,96.57,97.62,95.09,61009,96719054.0,2.59,-1.2,-1.17,1.01
228,2025-01-07,新华医疗,600587,98.66,97.74,99.4,97.06,74717,120119767.0,2.36,-1.36,-1.35,1.24
227,2025-01-06,新华医疗,600587,98.48,99.09,100.32,98.23,75936,123977344.0,2.13,0.88,0.86,1.26
226,2025-01-03,新华医疗,600587,98.66,98.23,99.71,97.68,70198,114000923.0,2.06,-0.25,-0.25,1.17
225,2025-01-02,新华医疗,600587,101.49,98.48,101.68,97.43,84418,138198611.0,4.2,-2.73,-2.76,1.4
224,2024-12-31,新华医疗,600587,105.61,101.24,106.04,100.81,131262,222096194.0,4.96,-4.03,-4.25,2.18
223,2024-12-30,新华医疗,600587,106.17,105.49,106.84,105.12,63515,110447789.0,1.62,-0.92,-0.98,1.05
222,2024-12-27,新华医疗,600587,106.17,106.47,106.72,105.43,54942,95988322.0,1.22,0.28,0.3,0.91
221,2024-12-26,新华医疗,600587,107.58,106.17,107.95,106.04,68496,120280836.0,1.77,-1.42,-1.53,1.14
220,2024-12-25,新华医疗,600587,108.38,107.7,108.87,107.21,67943,120303155.0,1.55,0.51,0.55,1.13
219,2024-12-24,新华医疗,600587,106.66,107.15,108.01,106.29,32937,57942067.0,1.61,0.46,0.49,0.55
218,2024-12-23,新华医疗,600587,107.58,106.66,107.77,106.23,53365,93845225.0,1.43,-0.62,-0.67,0.89
217,2024-12-20,新华医疗,600587,106.97,107.33,107.7,106.6,38259,67454514.0,1.03,0.22,0.24,0.64
216,2024-12-19,新华医疗,600587,106.47,107.09,107.52,105.24,51514,89972197.0,2.13,0.06,0.06,0.86
215,2024-12-18,新华医疗,600587,107.15,107.03,108.2,106.78,49482,87424743.0,1.32,-0.57,-0.61,0.82
214,2024-12-17,新华医疗,600587,108.93,107.64,109.86,107.21,71369,127245747.0,2.43,-1.41,-1.54,1.19
213,2024-12-16,新华医疗,600587,109.86,109.18,110.66,108.69,54518,98042246.0,1.8,-0.39,-0.43,0.91
212,2024-12-13,新华医疗,600587,112.01,109.61,112.01,109.3,101637,183894467.0,2.42,-2.14,-2.4,1.69
211,2024-12-12,新华医疗,600587,111.21,112.01,112.38,110.35,87958,161337993.0,1.83,0.95,1.05,1.46
210,2024-12-11,新华医疗,600587,110.35,110.96,111.33,110.23,64014,116619074.0,0.99,0.27,0.3,1.06
209,2024-12-10,新华医疗,600587,112.07,110.66,112.63,110.23,106983,196092774.0,2.18,0.45,0.5,1.78
208,2024-12-09,新华医疗,600587,110.96,110.16,111.58,109.12,81062,146743173.0,2.21,-1.05,-1.17,1.35
207,2024-12-06,新华医疗,600587,112.19,111.33,113.43,110.66,105997,194441253.0,2.49,0.11,0.12,1.76
206,2024-12-05,新华医疗,600587,110.96,111.21,112.26,110.23,69321,126646914.0,1.83,0.05,0.06,1.15
205,2024-12-04,新华医疗,600587,112.01,111.15,112.87,110.16,109286,200242311.0,2.41,-1.31,-1.48,1.82
204,2024-12-03,新华医疗,600587,108.44,112.63,113.43,107.77,182493,333744984.0,5.2,3.51,3.82,3.03
203,2024-12-02,新华医疗,600587,107.09,108.81,109.43,106.66,69961,124279095.0,2.59,1.55,1.66,1.16
202,2024-11-29,新华医疗,600587,106.35,107.15,108.01,105.67,64211,112982415.0,2.2,0.75,0.8,1.07
201,2024-11-28,新华医疗,600587,107.58,106.35,107.7,105.86,55877,97952715.0,1.71,-1.09,-1.17,0.93
200,2024-11-27,新华医疗,600587,105.92,107.52,107.58,104.2,60379,105020645.0,3.18,1.04,1.11,1.0
199,2024-11-26,新华医疗,600587,106.72,106.41,108.26,105.98,47081,82942384.0,2.13,-0.52,-0.56,0.78
198,2024-11-25,新华医疗,600587,106.47,106.97,108.07,105.24,78030,136963186.0,2.67,0.88,0.93,1.3
197,2024-11-22,新华医疗,600587,111.46,106.04,111.7,105.86,115309,205330053.0,5.24,-4.86,-5.42,1.92
196,2024-11-21,新华医疗,600587,112.19,111.46,112.19,110.41,68982,125800612.0,1.59,-0.54,-0.61,1.15
195,2024-11-20,新华医疗,600587,110.47,112.07,112.26,109.92,115315,211111794.0,2.12,1.61,1.78,1.92
194,2024-11-19,新华医疗,600587,109.43,110.29,111.27,108.57,62179,112306892.0,2.46,0.68,0.74,1.03
193,2024-11-18,新华医疗,600587,109.98,109.55,112.19,108.26,115438,209359538.0,3.58,-0.16,-0.18,1.92
192,2024-11-15,新华医疗,600587,110.16,109.73,112.99,109.49,114467,209066675.0,3.19,0.16,0.18,1.9
191,2024-11-14,新华医疗,600587,112.99,109.55,112.99,109.3,103518,188676337.0,3.27,-3.04,-3.44,1.72
190,2024-11-13,新华医疗,600587,113.79,112.99,115.52,111.64,117584,218991426.0,3.39,-1.4,-1.6,1.95
189,2024-11-12,新华医疗,600587,113.43,114.59,117.24,113.24,199439,378071755.0,3.53,1.25,1.41,3.31
188,2024-11-11,新华医疗,600587,111.21,113.18,113.24,110.53,146894,270655015.0,2.42,1.1,1.23,2.44
187,2024-11-08,新华医疗,600587,113.55,111.95,114.47,110.1,145055,267119508.0,3.89,-0.33,-0.37,2.41
186,2024-11-07,新华医疗,600587,106.9,112.32,112.44,106.47,173495,315065996.0,5.54,4.29,4.62,2.88
185,2024-11-06,新华医疗,600587,107.4,107.7,109.0,106.29,119445,211015801.0,2.52,0.34,0.37,1.98
184,2024-11-05,新华医疗,600587,105.8,107.33,107.58,103.4,167829,292579608.0,3.95,1.45,1.53,2.79
183,2024-11-04,新华医疗,600587,105.43,105.8,105.92,104.75,81394,141238329.0,1.11,0.82,0.86,1.35
182,2024-11-01,新华医疗,600587,105.43,104.94,106.41,104.14,77465,134120256.0,2.15,-0.41,-0.43,1.29
181,2024-10-31,新华医疗,600587,105.86,105.37,106.47,105.0,95388,165602506.0,1.39,-0.69,-0.73,1.58
180,2024-10-30,新华医疗,600587,108.38,106.1,109.18,105.49,126435,222436916.0,3.38,-2.77,-3.02,2.1
179,2024-10-29,新华医疗,600587,113.12,109.12,113.55,108.93,100373,182636527.0,4.1,-3.12,-3.51,1.67
178,2024-10-28,新华医疗,600587,112.5,112.63,112.69,110.78,73926,135903052.0,1.71,0.72,0.8,1.23
177,2024-10-25,新华医疗,600587,109.12,111.83,111.83,108.63,95090,172946215.0,2.93,2.25,2.46,1.58
176,2024-10-24,新华医疗,600587,109.0,109.37,110.53,108.57,53744,96609362.0,1.79,-0.33,-0.36,0.89
175,2024-10-23,新华医疗,600587,109.43,109.73,110.84,108.07,95145,171158848.0,2.54,0.73,0.8,1.58
174,2024-10-22,新华医疗,600587,108.38,108.93,110.04,107.58,104130,186149662.0,2.26,0.17,0.18,1.73
173,2024-10-21,新华医疗,600587,109.98,108.75,110.6,108.2,112208,201081200.0,2.19,-0.78,-0.86,1.86
172,2024-10-18,新华医疗,600587,107.21,109.61,111.15,106.41,109787,197548572.0,4.43,2.35,2.52,1.82
171,2024-10-17,新华医疗,600587,108.87,107.09,110.04,107.09,48174,85694732.0,2.71,-1.63,-1.78,0.8
170,2024-10-16,新华医疗,600587,107.7,108.87,110.72,107.09,54640,97723908.0,3.34,0.28,0.3,0.91
169,2024-10-15,新华医疗,600587,111.46,108.57,114.47,108.57,102666,186608580.0,5.26,-3.29,-3.69,1.71
168,2024-10-14,新华医疗,600587,109.37,112.26,113.36,106.97,134044,244058743.0,5.88,3.28,3.57,2.23
167,2024-10-11,新华医疗,600587,111.89,108.69,112.19,107.52,130153,233502760.0,4.17,-2.86,-3.2,2.16
166,2024-10-10,新华医疗,600587,111.46,111.89,115.46,110.66,140710,261994999.0,4.3,0.22,0.25,2.34
165,2024-10-09,新华医疗,600587,120.99,111.64,120.99,110.23,170689,320548212.0,8.81,-8.57,-10.46,2.84
164,2024-10-08,新华医疗,600587,128.07,122.1,128.07,117.24,223791,448685705.0,9.31,4.97,5.78,3.72
163,2024-09-30,新华医疗,600587,109.92,116.32,117.24,109.92,186326,349182451.0,6.86,9.06,9.66,3.09
162,2024-09-27,新华医疗,600587,104.63,106.66,108.2,104.51,67308,117750712.0,3.58,3.52,3.63,1.12
161,2024-09-26,新华医疗,600587,98.97,103.03,103.4,98.66,66277,110338481.0,4.76,3.46,3.45,1.1
160,2024-09-25,新华医疗,600587,100.08,99.58,102.17,99.15,54623,90541377.0,3.05,0.49,0.49,0.91
159,2024-09-24,新华医疗,600587,97.31,99.09,100.01,96.57,55446,89904884.0,3.56,2.55,2.46,0.92
158,2024-09-23,新华医疗,600587,96.39,96.63,97.43,95.09,36684,58185829.0,2.45,1.02,0.98,0.61
157,2024-09-20,新华医疗,600587,94.97,95.65,96.14,93.74,35151,54818272.0,2.53,0.65,0.62,0.58
156,2024-09-19,新华医疗,600587,92.76,95.03,95.52,91.71,47377,73249777.0,4.14,3.14,2.89,0.79
155,2024-09-18,新华医疗,600587,92.76,92.14,93.37,91.89,21985,33411509.0,1.6,-0.59,-0.55,0.37
154,2024-09-13,新华医疗,600587,93.56,92.69,94.23,92.51,32182,49339324.0,1.84,-0.86,-0.8,0.53
153,2024-09-12,新华医疗,600587,96.94,93.49,97.98,93.12,47962,75128232.0,5.03,-3.31,-3.2,0.8
152,2024-09-11,新华医疗,600587,96.57,96.69,97.12,95.59,23570,37423405.0,1.58,-0.26,-0.25,0.39
151,2024-09-10,新华医疗,600587,98.17,96.94,98.78,96.02,34788,55535081.0,2.81,-1.31,-1.29,0.58
150,2024-09-09,新华医疗,600587,98.72,98.23,99.58,97.68,27800,45100073.0,1.93,-0.44,-0.43,0.46
149,2024-09-06,新华医疗,600587,101.37,98.66,101.8,98.54,31243,51177619.0,3.21,-2.85,-2.89,0.52
148,2024-09-05,新华医疗,600587,101.49,101.55,102.17,100.75,30517,50924870.0,1.4,0.31,0.31,0.51
147,2024-09-04,新华医疗,600587,100.94,101.24,102.48,100.45,28281,47158230.0,2.01,0.18,0.18,0.47
146,2024-09-03,新华医疗,600587,100.63,101.06,102.48,100.38,30665,51176752.0,2.08,0.0,0.0,0.51
145,2024-09-02,新华医疗,600587,103.89,101.06,103.89,100.94,50453,84766601.0,2.85,-2.26,-2.34,0.84
144,2024-08-30,新华医疗,600587,100.51,103.4,105.12,100.51,116175,197136445.0,4.71,5.53,5.42,1.93
143,2024-08-29,新华医疗,600587,96.26,97.98,98.6,96.26,34171,54949999.0,2.41,1.01,0.98,0.57
142,2024-08-28,新华医疗,600587,96.2,97.0,97.06,95.46,24732,39235981.0,1.67,1.02,0.98,0.41
141,2024-08-27,新华医疗,600587,96.88,96.02,97.12,95.4,24080,38145957.0,1.78,-0.89,-0.86,0.4
140,2024-08-26,新华医疗,600587,96.57,96.88,97.43,95.77,18639,29634249.0,1.72,0.26,0.25,0.32
139,2024-08-23,新华医疗,600587,97.55,96.63,97.86,95.28,21498,34098210.0,2.65,-0.76,-0.74,0.37
138,2024-08-22,新华医疗,600587,98.6,97.37,98.6,96.88,18707,30024191.0,1.77,0.0,0.0,0.32
137,2024-08-21,新华医疗,600587,97.86,97.37,98.78,97.06,18125,29112519.0,1.75,-0.88,-0.86,0.31
136,2024-08-20,新华医疗,600587,99.71,98.23,99.71,96.82,34175,54973821.0,2.91,-0.93,-0.92,0.59
135,2024-08-19,新华医疗,600587,98.78,99.15,100.2,98.66,26011,42460501.0,1.55,0.06,0.06,0.45
134,2024-08-16,新华医疗,600587,100.69,99.09,100.94,98.85,36717,60128178.0,2.08,-1.53,-1.54,0.63
133,2024-08-15,新华医疗,600587,100.32,100.63,102.78,100.01,33540,55856337.0,2.75,-0.06,-0.06,0.58
132,2024-08-14,新华医疗,600587,102.48,100.69,102.48,100.26,23149,38412691.0,2.17,-1.56,-1.6,0.4
131,2024-08-13,新华医疗,600587,103.09,102.29,103.09,100.94,29395,49309447.0,2.08,-1.13,-1.17,0.51
130,2024-08-12,新华医疗,600587,103.52,103.46,105.49,102.17,35101,59944439.0,3.24,0.96,0.98,0.61
129,2024-08-09,新华医疗,600587,104.32,102.48,105.74,102.35,34439,58692324.0,3.24,-2.11,-2.21,0.6
128,2024-08-08,新华医疗,600587,102.17,104.69,105.43,101.37,53630,91596645.0,3.95,1.98,2.03,0.93
127,2024-08-07,新华医疗,600587,102.17,102.66,103.46,100.69,30402,51096643.0,2.69,-0.24,-0.25,0.53
126,2024-08-06,新华医疗,600587,101.49,102.91,102.91,100.81,44277,74263901.0,2.09,2.33,2.34,0.77
125,2024-08-05,新华医疗,600587,103.15,100.57,105.74,100.32,66310,111733955.0,5.21,-3.36,-3.5,1.15
124,2024-08-02,新华医疗,600587,106.35,104.07,107.89,103.71,58234,101161224.0,3.92,-2.37,-2.53,1.01
123,2024-08-01,新华医疗,600587,106.97,106.6,108.32,105.8,47334,82966858.0,2.36,-0.17,-0.18,0.82
122,2024-07-31,新华医疗,600587,103.4,106.78,107.03,102.6,70693,122639394.0,4.28,3.15,3.26,1.22
121,2024-07-30,新华医疗,600587,104.44,103.52,104.51,102.04,54834,93045365.0,2.36,-1.0,-1.05,0.95
120,2024-07-29,新华医疗,600587,104.57,104.57,105.12,102.72,47538,81342029.0,2.29,-0.06,-0.06,0.82
119,2024-07-26,新华医疗,600587,103.15,104.63,106.23,103.09,51877,89306158.0,3.05,1.49,1.54,0.9
118,2024-07-25,新华医疗,600587,102.35,103.09,105.55,102.04,62723,107448280.0,3.4,0.0,0.0,1.08
117,2024-07-24,新华医疗,600587,102.54,103.09,103.52,100.38,58280,97986090.0,3.06,0.48,0.49,1.01
116,2024-07-23,新华医疗,600587,105.24,102.6,105.24,102.35,51688,87849899.0,2.76,-2.0,-2.09,0.89
115,2024-07-22,新华医疗,600587,100.26,104.69,105.86,100.26,95847,164226849.0,5.57,4.1,4.12,1.66
114,2024-07-19,新华医疗,600587,101.0,100.57,102.41,100.14,58172,96947256.0,2.24,-0.6,-0.61,1.01
113,2024-07-18,新华医疗,600587,97.86,101.18,102.41,96.63,95447,157166040.0,5.87,2.8,2.76,1.65
112,2024-07-17,新华医疗,600587,96.45,98.42,98.78,94.85,64783,103873909.0,4.07,1.85,1.79,1.12
111,2024-07-16,新华医疗,600587,96.63,96.63,97.06,94.17,51701,81249880.0,2.98,-0.5,-0.49,0.89
110,2024-07-15,新华医疗,600587,96.75,97.12,98.48,95.95,64293,102856826.0,2.6,-0.2,-0.19,1.11
109,2024-07-12,新华医疗,600587,96.69,97.31,98.42,96.02,60035,96026289.0,2.48,0.58,0.56,1.04
108,2024-07-11,新华医疗,600587,97.0,96.75,97.8,96.02,68179,108619983.0,1.86,1.02,0.98,1.18
107,2024-07-10,新华医疗,600587,96.63,95.77,97.8,95.65,38340,60877081.0,2.21,-1.45,-1.41,0.66
106,2024-07-09,新华医疗,600587,95.34,97.18,98.29,93.92,63539,100836086.0,4.58,1.93,1.84,1.1
105,2024-07-08,新华医疗,600587,98.97,95.34,99.46,94.79,68355,108538569.0,4.7,-4.14,-4.12,1.18
104,2024-07-05,新华医疗,600587,93.43,99.46,100.94,92.57,134496,215353078.0,8.92,5.97,5.6,2.32
103,2024-07-04,新华医疗,600587,93.86,93.86,94.29,91.89,58794,89859718.0,2.56,0.0,0.0,1.02
102,2024-07-03,新华医疗,600587,94.05,93.86,94.6,92.88,47011,72472428.0,1.82,-0.59,-0.56,0.81
101,2024-07-02,新华医疗,600587,96.63,94.42,96.63,93.56,62516,97157250.0,3.18,-2.04,-1.97,1.08
100,2024-07-01,新华医疗,600587,95.09,96.39,97.18,94.17,54065,85216312.0,3.15,0.77,0.74,0.93
99,2024-06-28,新华医疗,600587,97.74,95.65,98.29,94.97,91331,145112837.0,3.39,-2.45,-2.4,1.58
98,2024-06-27,新华医疗,600587,100.63,98.05,100.94,97.92,59015,95897863.0,2.98,-3.22,-3.26,1.02
97,2024-06-26,新华医疗,600587,99.21,101.31,101.86,97.25,90661,148767397.0,4.62,1.6,1.6,1.57
96,2024-06-25,新华医疗,600587,95.46,99.71,100.01,95.46,116058,187964922.0,4.75,4.18,4.0,2.01
95,2024-06-24,新华医疗,600587,98.29,95.71,99.09,95.46,101089,162081763.0,3.69,-2.62,-2.58,1.75
94,2024-06-21,新华医疗,600587,93.0,98.29,98.66,92.57,126157,200849821.0,6.55,5.76,5.35,2.18
93,2024-06-20,新华医疗,600587,94.97,92.94,95.77,92.39,72150,111054774.0,3.54,-2.7,-2.58,1.25
92,2024-06-19,新华医疗,600587,97.18,95.52,97.55,95.4,60097,95007528.0,2.21,-1.71,-1.66,1.04
91,2024-06-18,新华医疗,600587,99.46,97.18,99.71,96.75,93240,149869313.0,2.99,-1.99,-1.97,1.61
90,2024-06-17,新华医疗,600587,99.34,99.15,101.86,98.54,104748,172354304.0,3.34,-0.19,-0.19,1.81
89,2024-06-14,新华医疗,600587,103.71,99.34,104.51,98.85,200106,333421833.0,5.46,-4.15,-4.3,3.46
88,2024-06-13,新华医疗,600587,106.54,103.64,106.78,102.54,117873,201639183.0,3.98,-2.66,-2.83,2.04
87,2024-06-12,新华医疗,600587,108.44,106.47,108.81,105.3,76290,134335339.0,3.27,-0.8,-0.86,1.32
86,2024-06-11,新华医疗,600587,107.95,107.33,109.86,106.47,107013,189692195.0,3.15,-0.29,-0.31,1.85
85,2024-06-07,新华医疗,600587,105.37,107.64,108.57,104.51,83637,147192202.0,3.87,2.57,2.7,1.45
84,2024-06-06,新华医疗,600587,108.44,104.94,109.18,104.38,88180,154616906.0,4.43,-3.25,-3.52,1.52
83,2024-06-05,新华医疗,600587,108.22,108.46,110.07,107.37,69011,164418207.0,2.49,-0.13,-0.14,1.55
82,2024-06-04,新华医疗,600587,106.05,108.6,109.83,105.76,94959,223783168.0,3.83,2.27,2.41,2.13
81,2024-06-03,新华医疗,600587,106.19,106.19,108.6,104.72,83580,195033032.0,3.73,2.05,2.13,1.88
80,2024-05-31,新华医疗,600587,102.64,104.06,104.91,102.03,44873,101819329.0,2.83,2.09,2.13,1.01
79,2024-05-30,新华医疗,600587,101.08,101.93,103.45,100.46,41024,91659366.0,2.97,1.27,1.28,0.92
78,2024-05-29,新华医疗,600587,100.56,100.65,101.17,99.66,31366,68923177.0,1.5,-0.15,-0.15,0.7
77,2024-05-28,新华医疗,600587,102.4,100.8,103.11,100.42,31420,69779847.0,2.62,-1.71,-1.75,0.71
76,2024-05-27,新华医疗,600587,101.98,102.55,102.59,98.95,72783,159825127.0,3.57,0.66,0.67,1.64
75,2024-05-24,新华医疗,600587,102.21,101.88,103.26,101.84,30105,67422668.0,1.39,-0.1,-0.1,0.68
74,2024-05-23,新华医疗,600587,103.4,101.98,103.87,101.88,37488,84259263.0,1.93,-1.24,-1.28,0.84
73,2024-05-22,新华医疗,600587,105.05,103.26,105.2,102.83,45193,102361568.0,2.26,-1.44,-1.51,1.02
72,2024-05-21,新华医疗,600587,106.81,104.77,107.04,104.25,44673,102776897.0,2.62,-1.6,-1.7,1.0
71,2024-05-20,新华医疗,600587,107.42,106.47,108.84,106.24,39695,92940656.0,2.43,-0.58,-0.62,0.89
70,2024-05-17,新华医疗,600587,106.95,107.09,107.66,105.76,37961,88398591.0,1.78,0.13,0.14,0.85
69,2024-05-16,新华医疗,600587,109.17,106.95,109.74,106.47,56037,132176785.0,3.0,-2.03,-2.22,1.26
68,2024-05-15,新华医疗,600587,110.31,109.17,110.87,108.7,44419,106283171.0,1.96,-1.58,-1.75,1.0
67,2024-05-14,新华医疗,600587,108.41,110.92,112.01,108.41,69031,167007685.0,3.3,1.6,1.75,1.55
66,2024-05-13,新华医疗,600587,107.56,109.17,110.31,105.76,66341,156933185.0,4.21,0.96,1.04,1.49
65,2024-05-10,新华医疗,600587,109.27,108.13,109.64,106.9,39902,94114394.0,2.51,-0.87,-0.95,0.9
64,2024-05-09,新华医疗,600587,107.14,109.08,109.31,106.38,56988,134836206.0,2.73,1.55,1.66,1.28
63,2024-05-08,新华医疗,600587,108.75,107.42,109.55,107.14,61368,144618092.0,2.21,-1.52,-1.66,1.38
62,2024-05-07,新华医疗,600587,108.84,109.08,109.98,107.37,66663,158027669.0,2.41,0.88,0.95,1.5
61,2024-05-06,新华医疗,600587,102.92,108.13,108.41,102.69,110780,256676113.0,5.61,6.13,6.25,2.49
60,2024-04-30,新华医疗,600587,102.64,101.88,104.53,101.74,68941,154776429.0,2.73,-0.19,-0.19,1.55
59,2024-04-29,新华医疗,600587,101.88,102.07,103.11,101.22,51770,115855685.0,1.86,0.19,0.19,1.16
58,2024-04-26,新华医疗,600587,100.8,101.88,102.21,99.71,56707,125508279.0,2.48,1.03,1.04,1.27
57,2024-04-25,新华医疗,600587,99.33,100.84,101.41,98.62,53791,118033156.0,2.8,1.23,1.23,1.21
56,2024-04-24,新华医疗,600587,97.91,99.61,99.75,96.54,56809,123029519.0,3.28,1.74,1.7,1.28
55,2024-04-23,新华医疗,600587,97.01,97.91,98.52,95.26,63101,134204502.0,3.34,0.39,0.38,1.42
54,2024-04-22,新华医疗,600587,91.95,97.53,98.43,91.62,113835,238762692.0,7.43,6.4,5.87,2.56
53,2024-04-19,新华医疗,600587,92.89,91.66,92.99,91.19,51652,104265052.0,1.94,-1.28,-1.19,1.16
52,2024-04-18,新华医疗,600587,92.28,92.85,94.22,91.71,80900,165302719.0,2.71,0.21,0.19,1.82
51,2024-04-17,新华医疗,600587,92.47,92.66,93.37,91.33,93011,188417954.0,2.23,1.35,1.23,2.09
50,2024-04-16,新华医疗,600587,93.18,91.43,95.35,91.43,67179,136605746.0,4.19,-2.32,-2.17,1.51
49,2024-04-15,新华医疗,600587,94.41,93.6,95.78,91.85,70884,146070746.0,4.19,-0.2,-0.19,1.59
48,2024-04-12,新华医疗,600587,95.16,93.79,95.87,93.7,43632,90259222.0,2.28,-1.29,-1.23,0.98
47,2024-04-11,新华医疗,600587,95.12,95.02,96.77,94.79,59578,125099970.0,2.06,-1.19,-1.14,1.34
46,2024-04-10,新华医疗,600587,97.67,96.16,97.72,94.03,91741,192608890.0,3.78,-1.6,-1.56,2.06
45,2024-04-09,新华医疗,600587,94.79,97.72,98.43,94.79,96742,205296349.0,3.84,3.2,3.03,2.17
44,2024-04-08,新华医疗,600587,104.63,94.69,105.24,94.41,217649,467338624.0,10.29,-10.07,-10.6,4.89
43,2024-04-03,新华医疗,600587,104.34,105.29,106.95,104.34,56707,130794678.0,2.48,0.23,0.24,1.27
42,2024-04-02,新华医疗,600587,105.72,105.05,105.76,104.34,56008,128276524.0,1.34,-0.72,-0.76,1.26
41,2024-04-01,新华医疗,600587,105.05,105.81,106.14,103.82,101692,233128716.0,2.22,1.13,1.18,2.28
40,2024-03-29,新华医疗,600587,105.29,104.63,107.66,102.21,97411,221702882.0,5.23,0.41,0.43,2.19
39,2024-03-28,新华医疗,600587,103.21,104.2,105.34,102.88,39691,90568336.0,2.39,1.06,1.09,0.89
38,2024-03-27,新华医疗,600587,104.01,103.11,105.76,103.11,35475,81165303.0,2.53,-1.54,-1.61,0.8
37,2024-03-26,新华医疗,600587,103.97,104.72,105.53,103.26,29825,67894054.0,2.17,0.22,0.23,0.67
36,2024-03-25,新华医疗,600587,106.81,104.49,107.28,104.34,34323,79478961.0,2.75,-2.17,-2.32,0.77
35,2024-03-22,新华医疗,600587,109.08,106.81,109.08,105.62,58426,136318326.0,3.17,-2.12,-2.31,1.31
34,2024-03-21,新华医疗,600587,109.69,109.12,109.88,107.89,35834,85204540.0,1.82,-0.47,-0.52,0.8
33,2024-03-20,新华医疗,600587,107.18,109.64,110.5,106.38,60956,144673883.0,3.84,2.07,2.22,1.37
32,2024-03-19,新华医疗,600587,107.61,107.42,109.55,106.81,44143,104274803.0,2.53,-0.66,-0.71,0.99
31,2024-03-18,新华医疗,600587,106.47,108.13,108.51,104.82,77620,181104278.0,3.45,1.07,1.14,1.74
30,2024-03-15,新华医疗,600587,104.44,106.99,107.7,104.34,61477,142449152.0,3.19,1.57,1.65,1.38
29,2024-03-14,新华医疗,600587,105.24,105.34,109.03,104.68,112854,262643295.0,4.21,1.88,1.94,2.54
28,2024-03-13,新华医疗,600587,102.92,103.4,104.68,102.26,53820,121549197.0,2.34,-0.09,-0.09,1.21
27,2024-03-12,新华医疗,600587,102.92,103.49,103.97,101.51,61302,138129040.0,2.38,0.09,0.09,1.38
26,2024-03-11,新华医疗,600587,100.89,103.4,104.82,100.89,63918,143766146.0,3.89,2.44,2.46,1.44
25,2024-03-08,新华医疗,600587,98.62,100.94,101.36,97.81,55167,119981900.0,3.6,2.46,2.42,1.24
24,2024-03-07,新华医疗,600587,99.42,98.52,100.84,98.48,65324,142284811.0,2.37,-1.09,-1.09,1.47
23,2024-03-06,新华医疗,600587,101.6,99.61,101.74,99.38,73998,162283594.0,2.32,-1.96,-1.99,1.66
22,2024-03-05,新华医疗,600587,102.69,101.6,102.69,100.56,59545,132233016.0,2.05,-2.01,-2.08,1.34
21,2024-03-04,新华医疗,600587,102.36,103.68,104.25,101.6,80397,181134089.0,2.61,2.1,2.13,1.81
20,2024-03-01,新华医疗,600587,99.8,101.55,101.79,99.19,77690,171095857.0,2.59,1.32,1.32,1.75
19,2024-02-29,新华医疗,600587,97.25,100.23,100.98,96.82,96649,209801749.0,4.24,2.12,2.08,2.17
18,2024-02-28,新华医疗,600587,101.51,98.15,104.53,97.58,96268,214301552.0,6.85,-3.31,-3.36,2.16
17,2024-02-27,新华医疗,600587,98.67,101.51,101.51,97.91,60318,132182032.0,3.62,2.19,2.18,1.35
16,2024-02-26,新华医疗,600587,98.38,99.33,101.08,95.97,80817,174193471.0,5.2,1.11,1.09,1.82
15,2024-02-23,新华医疗,600587,98.86,98.24,98.86,95.87,64074,136467153.0,3.03,-0.53,-0.52,1.44
14,2024-02-22,新华医疗,600587,97.29,98.76,98.81,96.87,40589,87060748.0,1.99,1.21,1.18,0.91
13,2024-02-21,新华医疗,600587,97.48,97.58,100.75,95.35,88565,191057249.0,5.52,-0.24,-0.23,1.99
12,2024-02-20,新华医疗,600587,94.93,97.81,98.43,93.74,68788,146071869.0,4.93,2.78,2.65,1.55
11,2024-02-19,新华医疗,600587,98.19,95.16,98.19,93.7,78123,162741312.0,4.71,-0.16,-0.15,1.75
10,2024-02-08,新华医疗,600587,93.03,95.31,98.9,92.37,110222,232051111.0,7.02,2.49,2.32,2.49
9,2024-02-07,新华医疗,600587,87.07,92.99,93.32,87.07,131507,264470413.0,7.2,7.14,6.2,2.97
8,2024-02-06,新华医疗,600587,79.17,86.79,88.63,77.47,136021,251123344.0,13.89,8.01,6.44,3.07
7,2024-02-05,新华医疗,600587,85.89,80.35,87.03,77.99,137463,246743523.0,10.39,-7.68,-6.68,3.1
6,2024-02-02,新华医疗,600587,92.23,87.03,93.37,82.96,119270,230996093.0,11.27,-5.74,-5.3,2.69
5,2024-02-01,新华医疗,600587,90.38,92.33,94.79,89.53,69776,141514818.0,5.78,1.46,1.33,1.57
4,2024-01-31,新华医疗,600587,97.77,91.0,97.81,89.91,100494,205223105.0,8.02,-7.63,-7.52,2.27
3,2024-01-30,新华医疗,600587,100.51,98.52,101.17,98.24,43073,93734486.0,2.91,-2.08,-2.09,0.97
2,2024-01-29,新华医疗,600587,102.88,100.61,103.73,100.18,50044,111018330.0,3.45,-2.21,-2.27,1.13
1,2024-01-26,新华医疗,600587,103.26,102.88,105.2,102.26,54016,122331151.0,2.84,-0.5,-0.52,1.22
0,2024-01-25,新华医疗,600587,97.53,103.4,104.25,96.06,80934,178448608.0,8.41,6.17,6.01,1.83
