,日期,股票名称,股票代码,开盘,收盘,最高,最低,成交量,成交额,振幅,涨跌幅,涨跌额,换手率
241,2025-01-24,国晟科技,603778,18.95,19.2,19.33,18.7,89438,26627488.0,3.34,1.64,0.31,1.39
240,2025-01-23,国晟科技,603778,19.2,18.89,19.45,18.89,75320,22594310.0,2.96,0.0,0.0,1.17
239,2025-01-22,国晟科技,603778,18.89,18.89,19.08,18.64,67860,20043085.0,2.31,-1.0,-0.19,1.06
238,2025-01-21,国晟科技,603778,19.95,19.08,19.95,18.95,110076,33231504.0,5.11,-2.55,-0.5,1.71
237,2025-01-20,国晟科技,603778,19.58,19.58,19.89,19.14,123029,37694860.0,3.87,0.98,0.19,1.91
236,2025-01-17,国晟科技,603778,19.77,19.39,19.77,19.27,76766,23286132.0,2.54,-1.57,-0.31,1.19
235,2025-01-16,国晟科技,603778,19.45,19.7,19.83,19.27,89797,27517693.0,2.88,1.29,0.25,1.4
234,2025-01-15,国晟科技,603778,19.39,19.45,19.89,18.89,118722,35954996.0,5.19,0.93,0.18,1.85
233,2025-01-14,国晟科技,603778,18.33,19.27,19.27,18.33,92940,27358361.0,5.16,5.88,1.07,1.45
232,2025-01-13,国晟科技,603778,18.14,18.2,18.27,17.64,53019,14913024.0,3.46,0.0,0.0,0.82
231,2025-01-10,国晟科技,603778,19.08,18.2,19.08,18.2,73719,21347613.0,4.64,-3.96,-0.75,1.15
230,2025-01-09,国晟科技,603778,18.77,18.95,19.2,18.64,70330,20865731.0,2.96,0.32,0.06,1.09
229,2025-01-08,国晟科技,603778,18.77,18.89,19.08,18.27,97212,28449903.0,4.3,0.32,0.06,1.51
228,2025-01-07,国晟科技,603778,18.27,18.83,18.83,18.2,95619,27566484.0,3.45,3.07,0.56,1.49
227,2025-01-06,国晟科技,603778,18.58,18.27,18.64,17.89,93266,26584243.0,4.04,-1.67,-0.31,1.45
226,2025-01-03,国晟科技,603778,19.39,18.58,19.52,18.52,119767,35310525.0,5.19,-3.58,-0.69,1.86
225,2025-01-02,国晟科技,603778,19.45,19.27,19.95,19.14,122549,37452660.0,4.18,-0.62,-0.12,1.91
224,2024-12-31,国晟科技,603778,19.83,19.39,20.08,19.39,123707,38045502.0,3.5,-1.57,-0.31,1.92
223,2024-12-30,国晟科技,603778,20.33,19.7,20.45,19.2,189655,58147365.0,6.07,-4.28,-0.88,2.95
222,2024-12-27,国晟科技,603778,20.33,20.58,21.02,20.14,133858,43420873.0,4.37,2.18,0.44,2.08
221,2024-12-26,国晟科技,603778,20.14,20.14,20.39,19.77,97262,30691295.0,3.09,0.3,0.06,1.51
220,2024-12-25,国晟科技,603778,20.52,20.08,20.7,19.64,165901,52052589.0,5.14,-2.71,-0.56,2.58
219,2024-12-24,国晟科技,603778,21.08,20.64,21.2,20.39,141421,45768969.0,3.88,-1.2,-0.25,2.2
218,2024-12-23,国晟科技,603778,22.39,20.89,22.39,20.83,205298,68330541.0,6.99,-6.45,-1.44,3.19
217,2024-12-20,国晟科技,603778,22.58,22.33,23.02,22.14,115174,40641280.0,3.9,-1.11,-0.25,1.79
216,2024-12-19,国晟科技,603778,22.39,22.58,22.64,21.89,131962,46184915.0,3.36,1.12,0.25,2.05
215,2024-12-18,国晟科技,603778,23.27,22.33,23.39,22.27,171805,60697213.0,4.88,-2.7,-0.62,2.67
214,2024-12-17,国晟科技,603778,24.58,22.95,24.64,22.89,178113,65421632.0,7.16,-6.13,-1.5,2.77
213,2024-12-16,国晟科技,603778,24.83,24.45,24.95,24.33,127242,49176404.0,2.5,-1.29,-0.32,1.98
212,2024-12-13,国晟科技,603778,25.45,24.77,25.58,24.77,138249,54627555.0,3.2,-2.21,-0.56,2.15
211,2024-12-12,国晟科技,603778,24.83,25.33,25.45,24.83,161472,63875527.0,2.48,1.24,0.31,2.51
210,2024-12-11,国晟科技,603778,24.64,25.02,25.77,24.52,171668,67736950.0,5.09,1.79,0.44,2.67
209,2024-12-10,国晟科技,603778,25.39,24.58,25.52,24.58,150210,58794245.0,3.79,-0.77,-0.19,2.34
208,2024-12-09,国晟科技,603778,25.2,24.77,25.39,24.52,141346,55186187.0,3.46,-1.47,-0.37,2.2
207,2024-12-06,国晟科技,603778,24.83,25.14,25.52,24.39,203426,80055031.0,4.55,1.25,0.31,3.16
206,2024-12-05,国晟科技,603778,23.89,24.83,24.83,23.77,152902,58781404.0,4.41,3.37,0.81,2.38
205,2024-12-04,国晟科技,603778,24.52,24.02,24.64,23.83,132569,50574506.0,3.29,-2.52,-0.62,2.06
204,2024-12-03,国晟科技,603778,24.58,24.64,24.77,24.27,140560,54116563.0,2.04,0.49,0.12,2.19
203,2024-12-02,国晟科技,603778,24.02,24.52,24.64,23.7,175127,66965675.0,3.94,2.9,0.69,2.72
202,2024-11-29,国晟科技,603778,23.45,23.83,24.08,23.2,162944,60658786.0,3.73,1.06,0.25,2.53
201,2024-11-28,国晟科技,603778,23.14,23.58,24.02,23.14,147397,54709211.0,3.77,1.07,0.25,2.29
200,2024-11-27,国晟科技,603778,22.95,23.33,23.39,22.14,115075,41078628.0,5.48,2.19,0.5,1.79
199,2024-11-26,国晟科技,603778,23.14,22.83,23.39,22.7,105291,38017890.0,2.98,-1.34,-0.31,1.64
198,2024-11-25,国晟科技,603778,22.64,23.14,23.39,22.45,150427,54242053.0,4.15,2.21,0.5,2.34
197,2024-11-22,国晟科技,603778,23.39,22.64,23.64,22.52,122927,44567473.0,4.74,-4.23,-1.0,1.91
196,2024-11-21,国晟科技,603778,24.2,23.64,24.45,23.27,138914,51514729.0,5.0,0.25,0.06,2.16
195,2024-11-20,国晟科技,603778,22.95,23.58,23.58,22.83,125609,45817393.0,3.25,2.17,0.5,1.95
194,2024-11-19,国晟科技,603778,22.83,23.08,23.2,22.2,155195,55134779.0,4.43,2.21,0.5,2.41
193,2024-11-18,国晟科技,603778,23.2,22.58,23.33,22.39,157640,56204463.0,4.08,-1.91,-0.44,2.45
192,2024-11-15,国晟科技,603778,23.89,23.02,24.14,22.89,149966,55500840.0,5.25,-3.4,-0.81,2.33
191,2024-11-14,国晟科技,603778,24.52,23.83,24.7,23.7,143837,54510200.0,4.06,-3.29,-0.81,2.24
190,2024-11-13,国晟科技,603778,24.83,24.64,24.95,23.95,206710,79255997.0,4.02,-1.0,-0.25,3.22
189,2024-11-12,国晟科技,603778,25.45,24.89,25.77,24.7,210678,83527397.0,4.21,-1.97,-0.5,3.28
188,2024-11-11,国晟科技,603778,24.89,25.39,25.77,24.64,253564,99957385.0,4.49,0.99,0.25,3.94
187,2024-11-08,国晟科技,603778,25.95,25.14,26.2,25.02,271864,108991754.0,4.6,-1.95,-0.5,4.23
186,2024-11-07,国晟科技,603778,24.83,25.64,25.64,24.64,245889,97450822.0,3.95,1.22,0.31,3.82
185,2024-11-06,国晟科技,603778,25.7,25.33,25.7,24.89,265687,105720692.0,3.15,-1.44,-0.37,4.13
184,2024-11-05,国晟科技,603778,25.39,25.7,25.77,25.2,377288,151368800.0,2.22,0.23,0.06,5.87
183,2024-11-04,国晟科技,603778,25.77,25.64,26.14,25.02,422759,169449836.0,4.28,-1.91,-0.5,6.58
182,2024-11-01,国晟科技,603778,27.14,26.14,28.58,26.02,915132,387638556.0,9.72,-0.72,-0.19,14.24
181,2024-10-31,国晟科技,603778,24.33,26.33,26.33,24.27,664112,269981882.0,8.6,9.94,2.38,10.33
180,2024-10-30,国晟科技,603778,23.58,23.95,24.45,23.58,237389,89510460.0,3.62,-0.29,-0.07,3.69
179,2024-10-29,国晟科技,603778,24.7,24.02,25.64,23.95,332518,129032865.0,6.82,-3.03,-0.75,5.17
178,2024-10-28,国晟科技,603778,24.64,24.77,25.2,24.2,338260,131304183.0,4.06,0.53,0.13,5.26
177,2024-10-25,国晟科技,603778,23.58,24.64,25.08,23.52,417936,160606921.0,6.63,4.76,1.12,6.5
176,2024-10-24,国晟科技,603778,23.89,23.52,24.2,23.33,266121,98850783.0,3.6,-2.57,-0.62,4.14
175,2024-10-23,国晟科技,603778,23.39,24.14,25.2,22.83,511510,192386335.0,9.95,1.3,0.31,7.96
174,2024-10-22,国晟科技,603778,22.83,23.83,24.52,22.33,431592,155982005.0,9.54,3.83,0.88,6.71
173,2024-10-21,国晟科技,603778,22.14,22.95,24.2,21.95,402420,145650682.0,10.22,4.22,0.93,6.26
172,2024-10-18,国晟科技,603778,21.95,22.02,22.14,21.27,289930,98768867.0,4.0,1.15,0.25,4.51
171,2024-10-17,国晟科技,603778,21.7,21.77,22.45,21.7,276033,95140851.0,3.48,0.88,0.19,4.29
170,2024-10-16,国晟科技,603778,21.39,21.58,21.89,21.2,237612,80227349.0,3.23,0.89,0.19,3.7
169,2024-10-15,国晟科技,603778,22.02,21.39,22.45,21.27,497456,169965266.0,5.36,-2.86,-0.63,7.74
168,2024-10-14,国晟科技,603778,20.39,22.02,22.02,20.39,331205,113001616.0,8.12,9.66,1.94,5.15
167,2024-10-11,国晟科技,603778,20.83,20.08,20.89,19.77,166634,53053702.0,5.35,-4.15,-0.87,2.59
166,2024-10-10,国晟科技,603778,21.33,20.95,21.89,20.52,245821,81413558.0,6.5,-0.62,-0.13,3.82
165,2024-10-09,国晟科技,603778,22.89,21.08,23.27,20.95,389240,134583796.0,10.05,-8.67,-2.0,6.05
164,2024-10-08,国晟科技,603778,24.27,23.08,24.27,21.95,585501,212276518.0,10.51,4.53,1.0,9.11
163,2024-09-30,国晟科技,603778,20.77,22.08,22.33,20.08,549653,183820330.0,11.03,8.29,1.69,8.55
162,2024-09-27,国晟科技,603778,19.52,20.39,20.77,19.27,335982,105632392.0,7.76,5.48,1.06,5.23
161,2024-09-26,国晟科技,603778,18.89,19.33,19.33,18.77,267904,79879410.0,2.94,1.31,0.25,4.17
160,2024-09-25,国晟科技,603778,18.89,19.08,19.7,18.7,380304,113776549.0,5.38,2.69,0.5,5.92
159,2024-09-24,国晟科技,603778,18.27,18.58,18.58,18.14,219347,63078116.0,2.42,2.09,0.38,3.41
158,2024-09-23,国晟科技,603778,18.64,18.2,18.64,18.08,176742,50221825.0,3.01,-2.05,-0.38,2.75
157,2024-09-20,国晟科技,603778,18.77,18.58,18.95,18.39,209786,60957006.0,2.96,-1.95,-0.37,3.26
156,2024-09-19,国晟科技,603778,18.45,18.95,19.14,18.2,318711,93439279.0,5.04,1.66,0.31,4.96
155,2024-09-18,国晟科技,603778,18.45,18.64,18.7,18.02,269119,77104574.0,3.7,1.36,0.25,4.19
154,2024-09-13,国晟科技,603778,18.77,18.39,19.33,18.27,340008,98536309.0,5.65,-2.02,-0.38,5.29
153,2024-09-12,国晟科技,603778,18.89,18.77,19.83,18.64,631978,188224431.0,6.24,-1.62,-0.31,9.83
152,2024-09-11,国晟科技,603778,17.39,19.08,19.08,17.27,431793,126770016.0,10.41,9.72,1.69,6.72
151,2024-09-10,国晟科技,603778,17.58,17.39,18.02,17.14,162545,44277711.0,4.97,-1.75,-0.31,2.53
150,2024-09-09,国晟科技,603778,17.58,17.7,17.89,17.39,200313,55230071.0,2.84,0.68,0.12,3.12
149,2024-09-06,国晟科技,603778,18.08,17.58,18.33,17.52,396496,109774422.0,4.36,-5.38,-1.0,6.17
148,2024-09-05,国晟科技,603778,17.02,18.58,18.58,17.02,531234,152050599.0,9.2,9.62,1.63,8.26
147,2024-09-04,国晟科技,603778,16.89,16.95,17.33,16.7,66581,17689610.0,3.69,-0.76,-0.13,1.04
146,2024-09-03,国晟科技,603778,17.08,17.08,17.39,16.83,70770,18819708.0,3.29,0.35,0.06,1.1
145,2024-09-02,国晟科技,603778,17.27,17.02,17.58,16.95,92350,24808781.0,3.65,-1.45,-0.25,1.44
144,2024-08-30,国晟科技,603778,17.02,17.27,17.52,16.89,163353,43920348.0,3.66,0.41,0.07,2.54
143,2024-08-29,国晟科技,603778,16.52,17.2,18.08,16.45,182243,48932251.0,9.76,2.99,0.5,2.83
142,2024-08-28,国晟科技,603778,16.77,16.7,16.89,16.45,80848,20951979.0,2.6,-1.47,-0.25,1.26
141,2024-08-27,国晟科技,603778,16.77,16.95,17.2,16.39,126680,33280849.0,4.85,1.5,0.25,1.97
140,2024-08-26,国晟科技,603778,16.58,16.7,17.02,16.58,69707,18259794.0,2.66,1.09,0.18,1.08
139,2024-08-23,国晟科技,603778,16.52,16.52,16.64,16.27,75518,19292815.0,2.24,0.0,0.0,1.17
138,2024-08-22,国晟科技,603778,16.83,16.52,17.08,16.52,71876,18764815.0,3.33,-1.84,-0.31,1.12
137,2024-08-21,国晟科技,603778,17.08,16.83,17.14,16.77,63810,16820326.0,2.17,-1.46,-0.25,0.99
136,2024-08-20,国晟科技,603778,17.27,17.08,17.27,16.95,76942,20486062.0,1.85,-1.1,-0.19,1.2
135,2024-08-19,国晟科技,603778,17.58,17.27,17.58,17.2,98304,26569405.0,2.16,-1.76,-0.31,1.53
134,2024-08-16,国晟科技,603778,18.08,17.58,18.2,17.58,113265,31393126.0,3.42,-3.09,-0.56,1.76
133,2024-08-15,国晟科技,603778,17.77,18.14,18.27,17.52,158420,44275836.0,4.18,1.06,0.19,2.46
132,2024-08-14,国晟科技,603778,18.14,17.95,18.39,17.77,123651,34754341.0,3.44,-0.39,-0.07,1.92
131,2024-08-13,国晟科技,603778,17.95,18.02,18.2,17.39,175215,48318607.0,4.5,0.0,0.0,2.73
130,2024-08-12,国晟科技,603778,18.58,18.02,18.83,17.83,213237,60709836.0,5.49,-0.99,-0.18,3.32
129,2024-08-09,国晟科技,603778,18.64,18.2,18.77,18.14,200338,57370129.0,3.39,-2.05,-0.38,3.12
128,2024-08-08,国晟科技,603778,18.89,18.58,18.95,18.27,253500,73792286.0,3.59,-1.95,-0.37,3.94
127,2024-08-07,国晟科技,603778,19.89,18.95,20.7,18.83,497899,151678048.0,9.4,-4.73,-0.94,7.75
126,2024-08-06,国晟科技,603778,17.83,19.89,19.89,17.83,439195,134632690.0,11.36,9.65,1.75,6.83
125,2024-08-05,国晟科技,603778,17.45,18.14,19.2,17.39,218580,61968656.0,10.3,3.19,0.56,3.4
124,2024-08-02,国晟科技,603778,17.64,17.58,17.89,17.52,72577,20047729.0,2.09,-0.68,-0.12,1.13
123,2024-08-01,国晟科技,603778,17.89,17.7,17.89,17.58,81023,22374548.0,1.75,0.0,0.0,1.26
122,2024-07-31,国晟科技,603778,17.33,17.7,17.83,17.2,81816,22480638.0,3.64,2.14,0.37,1.27
121,2024-07-30,国晟科技,603778,17.02,17.33,17.33,16.95,49674,13315885.0,2.22,1.11,0.19,0.77
120,2024-07-29,国晟科技,603778,16.95,17.14,17.27,16.7,57022,15125030.0,3.36,1.12,0.19,0.89
119,2024-07-26,国晟科技,603778,16.83,16.95,17.08,16.64,70317,18520780.0,2.61,0.71,0.12,1.09
118,2024-07-25,国晟科技,603778,16.45,16.83,17.64,16.33,112123,29678191.0,7.93,1.88,0.31,1.74
117,2024-07-24,国晟科技,603778,17.08,16.52,17.14,16.45,87243,22654582.0,4.03,-3.62,-0.62,1.36
116,2024-07-23,国晟科技,603778,17.45,17.14,17.7,17.08,59931,16242796.0,3.55,-1.78,-0.31,0.93
115,2024-07-22,国晟科技,603778,17.08,17.45,17.52,17.02,71188,19209125.0,2.91,1.45,0.25,1.11
114,2024-07-19,国晟科技,603778,16.89,17.2,17.33,16.89,66062,17687432.0,2.58,0.7,0.12,1.03
113,2024-07-18,国晟科技,603778,17.14,17.08,17.39,16.77,86119,22850121.0,3.53,-2.84,-0.5,1.34
112,2024-07-17,国晟科技,603778,17.58,17.58,18.08,17.52,80851,22390500.0,3.2,0.34,0.06,1.26
111,2024-07-16,国晟科技,603778,17.64,17.52,17.7,17.45,41826,11430535.0,1.42,-0.34,-0.06,0.65
110,2024-07-15,国晟科技,603778,18.02,17.58,18.02,17.58,50382,13892882.0,2.46,-1.73,-0.31,0.78
109,2024-07-12,国晟科技,603778,17.95,17.89,18.27,17.77,79962,22518588.0,2.77,-0.72,-0.13,1.24
108,2024-07-11,国晟科技,603778,17.7,18.02,18.08,17.58,98545,27472398.0,2.85,2.85,0.5,1.53
107,2024-07-10,国晟科技,603778,17.39,17.52,18.02,17.2,82641,22699045.0,4.54,-3.1,-0.56,1.29
106,2024-07-09,国晟科技,603778,18.14,18.08,18.27,17.58,87493,24437545.0,3.79,-0.66,-0.12,1.36
105,2024-07-08,国晟科技,603778,18.33,18.2,18.39,17.89,74924,21183900.0,2.71,-1.36,-0.25,1.17
104,2024-07-05,国晟科技,603778,18.33,18.45,18.45,18.08,67293,19228092.0,2.05,2.39,0.43,1.05
103,2024-07-04,国晟科技,603778,18.64,18.02,18.7,17.95,80633,22916930.0,4.02,-3.33,-0.62,1.25
102,2024-07-03,国晟科技,603778,18.77,18.64,18.95,18.64,63264,18534447.0,1.65,-0.69,-0.13,0.98
101,2024-07-02,国晟科技,603778,18.95,18.77,19.2,18.52,109339,32253140.0,3.56,-1.62,-0.31,1.7
100,2024-07-01,国晟科技,603778,18.77,19.08,19.77,18.7,177669,53077541.0,5.94,5.88,1.06,2.76
99,2024-06-28,国晟科技,603778,18.14,18.02,18.45,17.95,77635,22028475.0,2.77,-0.33,-0.06,1.21
98,2024-06-27,国晟科技,603778,18.52,18.08,18.7,18.02,85306,24424637.0,3.64,-3.32,-0.62,1.33
97,2024-06-26,国晟科技,603778,18.39,18.7,18.83,17.77,139688,39569765.0,5.72,0.97,0.18,2.17
96,2024-06-25,国晟科技,603778,19.14,18.52,19.2,18.33,105339,30692728.0,4.57,-2.63,-0.5,1.64
95,2024-06-24,国晟科技,603778,18.45,19.02,19.39,18.33,157990,46669937.0,5.35,-4.08,-0.81,2.46
94,2024-06-21,国晟科技,603778,20.14,19.83,20.64,19.7,107105,33683759.0,4.74,0.0,0.0,1.67
93,2024-06-20,国晟科技,603778,20.83,19.83,20.83,19.7,161742,50669623.0,5.42,-4.8,-1.0,2.52
92,2024-06-19,国晟科技,603778,21.45,20.83,21.45,20.83,85344,28067718.0,2.91,-2.07,-0.44,1.33
91,2024-06-18,国晟科技,603778,21.14,21.27,21.39,20.83,96963,32123942.0,2.64,0.33,0.07,1.51
90,2024-06-17,国晟科技,603778,21.08,21.2,21.95,20.95,130706,43383355.0,4.76,0.86,0.18,2.03
89,2024-06-14,国晟科技,603778,22.77,21.02,22.77,20.77,332684,111223646.0,8.71,-8.41,-1.93,5.18
88,2024-06-13,国晟科技,603778,23.33,22.95,23.77,22.89,170090,62123039.0,3.75,-2.13,-0.5,2.65
87,2024-06-12,国晟科技,603778,23.27,23.45,23.95,22.83,197649,72684517.0,4.81,0.77,0.18,3.07
86,2024-06-11,国晟科技,603778,23.27,23.27,23.33,22.64,124305,44839321.0,2.95,-0.51,-0.12,1.93
85,2024-06-07,国晟科技,603778,22.95,23.39,23.45,22.7,168693,61156256.0,3.25,1.34,0.31,2.62
84,2024-06-06,国晟科技,603778,23.27,23.08,23.64,22.45,215964,77622494.0,5.09,-1.33,-0.31,3.36
83,2024-06-05,国晟科技,603778,23.83,23.39,24.27,23.2,219937,81692609.0,4.36,-4.61,-1.13,3.42
82,2024-06-04,国晟科技,603778,23.58,24.52,25.2,22.64,409090,152664823.0,10.83,3.72,0.88,6.36
81,2024-06-03,国晟科技,603778,22.95,23.64,23.89,22.52,354191,128921995.0,5.92,2.16,0.5,5.51
80,2024-05-31,国晟科技,603778,23.64,23.14,24.14,22.83,374067,136024951.0,5.53,-2.36,-0.56,5.82
79,2024-05-30,国晟科技,603778,24.95,23.7,25.45,23.58,653114,251235425.0,7.69,-2.59,-0.63,10.16
78,2024-05-29,国晟科技,603778,21.89,24.33,24.33,21.89,642141,242700239.0,11.02,9.89,2.19,9.99
77,2024-05-28,国晟科技,603778,22.58,22.14,22.64,21.77,180079,62292543.0,3.88,-1.38,-0.31,2.8
76,2024-05-27,国晟科技,603778,22.95,22.45,23.33,22.08,270287,94874924.0,5.36,-3.77,-0.88,4.2
75,2024-05-24,国晟科技,603778,23.89,23.33,24.14,23.02,385149,141540271.0,4.65,-3.11,-0.75,5.99
74,2024-05-23,国晟科技,603778,24.2,24.08,25.08,23.83,637859,244757838.0,5.27,1.6,0.38,9.92
73,2024-05-22,国晟科技,603778,21.7,23.7,23.7,21.7,440879,160384854.0,9.27,9.82,2.12,6.86
72,2024-05-21,国晟科技,603778,22.02,21.58,22.14,21.52,82248,27936711.0,2.81,-2.26,-0.5,1.28
71,2024-05-20,国晟科技,603778,22.02,22.08,22.45,22.02,89968,31254133.0,1.93,-0.85,-0.19,1.4
70,2024-05-17,国晟科技,603778,22.2,22.27,22.39,22.02,95547,33179142.0,1.67,0.59,0.13,1.49
69,2024-05-16,国晟科技,603778,22.02,22.14,22.39,22.02,96637,33589799.0,1.66,-0.85,-0.19,1.5
68,2024-05-15,国晟科技,603778,22.45,22.33,22.95,22.14,144843,50749805.0,3.56,-1.93,-0.44,2.25
67,2024-05-14,国晟科技,603778,22.2,22.77,22.95,22.2,174340,61518288.0,3.27,-0.78,-0.18,2.71
66,2024-05-13,国晟科技,603778,22.95,22.95,23.89,22.2,311508,112591425.0,7.67,4.22,0.93,4.85
65,2024-05-10,国晟科技,603778,22.7,22.02,22.7,21.95,300205,104347727.0,3.27,-4.05,-0.93,4.67
64,2024-05-09,国晟科技,603778,21.39,22.95,23.52,21.27,445101,160895288.0,10.52,7.29,1.56,6.92
63,2024-05-08,国晟科技,603778,22.33,21.39,22.45,21.27,169058,57309561.0,5.32,-3.65,-0.81,2.63
62,2024-05-07,国晟科技,603778,23.77,22.2,23.77,22.02,325002,114927953.0,7.84,-0.58,-0.13,5.06
61,2024-05-06,国晟科技,603778,22.2,22.33,22.33,22.2,99321,34737265.0,0.64,9.84,2.0,1.54
60,2024-04-30,国晟科技,603778,21.45,20.33,21.45,20.08,220002,70597465.0,6.31,-6.31,-1.37,3.42
59,2024-04-29,国晟科技,603778,21.14,21.7,21.7,20.89,127217,42818902.0,3.85,3.24,0.68,1.98
58,2024-04-26,国晟科技,603778,20.64,21.02,21.02,20.27,95538,30982947.0,3.63,1.84,0.38,1.49
57,2024-04-25,国晟科技,603778,20.58,20.64,20.83,20.27,82397,26599063.0,2.74,0.93,0.19,1.28
56,2024-04-24,国晟科技,603778,20.39,20.45,20.64,20.27,86341,27604514.0,1.79,-0.92,-0.19,1.34
55,2024-04-23,国晟科技,603778,20.27,20.64,20.7,20.08,118544,37887284.0,3.12,3.77,0.75,1.84
54,2024-04-22,国晟科技,603778,19.83,19.89,20.27,19.45,86451,26884684.0,4.1,-0.65,-0.13,1.34
53,2024-04-19,国晟科技,603778,20.2,20.02,20.39,19.83,92916,29104128.0,2.75,-1.52,-0.31,1.45
52,2024-04-18,国晟科技,603778,20.77,20.33,20.83,20.02,113465,36107527.0,3.92,-1.5,-0.31,1.77
51,2024-04-17,国晟科技,603778,19.77,20.64,20.89,19.7,128351,41281158.0,6.02,4.4,0.87,2.0
50,2024-04-16,国晟科技,603778,21.77,19.77,21.77,19.64,182937,57607914.0,9.78,-9.19,-2.0,2.85
49,2024-04-15,国晟科技,603778,22.89,21.77,22.95,20.7,168504,57235113.0,9.83,-4.89,-1.12,2.62
48,2024-04-12,国晟科技,603778,23.58,22.89,23.58,22.7,78895,28582158.0,3.75,-2.39,-0.56,1.23
47,2024-04-11,国晟科技,603778,23.33,23.45,23.89,23.02,72203,26741478.0,3.71,0.0,0.0,1.12
46,2024-04-10,国晟科技,603778,24.27,23.45,24.33,23.2,96444,35708559.0,4.66,-3.38,-0.82,1.5
45,2024-04-09,国晟科技,603778,23.89,24.27,24.27,23.77,77203,29211949.0,2.1,2.1,0.5,1.2
44,2024-04-08,国晟科技,603778,24.39,23.77,24.39,23.64,113466,42682748.0,3.04,-3.53,-0.87,1.77
43,2024-04-03,国晟科技,603778,25.02,24.64,25.14,24.33,100414,38774321.0,3.23,-1.75,-0.44,1.56
42,2024-04-02,国晟科技,603778,25.14,25.08,25.33,24.77,100077,39302078.0,2.22,-0.75,-0.19,1.56
41,2024-04-01,国晟科技,603778,24.7,25.27,25.27,24.7,120273,47293110.0,2.31,2.56,0.63,1.87
40,2024-03-29,国晟科技,603778,24.52,24.64,24.83,24.33,84443,32548179.0,2.04,0.49,0.12,1.31
39,2024-03-28,国晟科技,603778,24.14,24.52,24.77,23.95,125448,48166468.0,3.41,1.83,0.44,1.95
38,2024-03-27,国晟科技,603778,25.45,24.08,25.52,24.02,163439,63365049.0,5.91,-5.16,-1.31,2.54
37,2024-03-26,国晟科技,603778,25.52,25.39,25.58,24.77,162483,64254639.0,3.19,0.0,0.0,2.53
36,2024-03-25,国晟科技,603778,25.77,25.39,25.95,25.33,159174,64156966.0,2.38,-2.42,-0.63,2.48
35,2024-03-22,国晟科技,603778,26.7,26.02,26.89,25.95,227311,93476244.0,3.49,-3.45,-0.93,3.54
34,2024-03-21,国晟科技,603778,26.33,26.95,27.33,25.95,290341,121090787.0,5.27,2.86,0.75,4.52
33,2024-03-20,国晟科技,603778,25.95,26.2,26.45,25.95,163409,67185093.0,1.92,0.69,0.18,2.54
32,2024-03-19,国晟科技,603778,26.58,26.02,27.02,25.95,199068,82269262.0,4.05,-1.4,-0.37,3.1
31,2024-03-18,国晟科技,603778,26.2,26.39,26.58,25.89,248090,101942157.0,2.65,1.42,0.37,3.86
30,2024-03-15,国晟科技,603778,26.58,26.02,26.58,25.7,249261,101629573.0,3.33,-1.63,-0.43,3.88
29,2024-03-14,国晟科技,603778,26.14,26.45,26.95,25.58,421586,173943930.0,5.27,1.65,0.43,6.56
28,2024-03-13,国晟科技,603778,26.27,26.02,27.27,25.83,422054,173237309.0,5.38,-2.8,-0.75,6.57
27,2024-03-12,国晟科技,603778,27.7,26.77,29.52,26.2,865555,376668415.0,12.15,-2.05,-0.56,13.46
26,2024-03-11,国晟科技,603778,26.08,27.33,27.33,25.33,387790,164159793.0,8.04,9.8,2.44,6.03
25,2024-03-08,国晟科技,603778,22.45,24.89,24.89,22.45,228132,87477429.0,10.78,9.94,2.25,3.55
24,2024-03-07,国晟科技,603778,22.89,22.64,23.2,22.45,125971,45053142.0,3.28,-1.09,-0.25,1.96
23,2024-03-06,国晟科技,603778,22.27,22.89,23.02,22.08,145459,51833705.0,4.23,3.11,0.69,2.26
22,2024-03-05,国晟科技,603778,23.02,22.2,23.02,22.08,135713,47657046.0,4.1,-3.27,-0.75,2.11
21,2024-03-04,国晟科技,603778,23.52,22.95,23.7,22.58,148911,53811726.0,4.74,-2.92,-0.69,2.32
20,2024-03-01,国晟科技,603778,24.02,23.64,24.45,23.27,155945,57901986.0,4.95,-0.8,-0.19,2.43
19,2024-02-29,国晟科技,603778,22.52,23.83,23.89,22.27,193177,71090327.0,7.02,3.25,0.75,3.0
18,2024-02-28,国晟科技,603778,25.14,23.08,26.33,22.95,328131,128105150.0,13.44,-8.19,-2.06,5.1
17,2024-02-27,国晟科技,603778,24.14,25.14,25.14,23.89,183470,71154702.0,5.14,3.33,0.81,2.85
16,2024-02-26,国晟科技,603778,24.2,24.33,24.7,23.64,241263,91693524.0,4.4,1.04,0.25,3.75
15,2024-02-23,国晟科技,603778,23.83,24.08,24.39,23.58,246413,92608913.0,3.44,2.12,0.5,3.83
14,2024-02-22,国晟科技,603778,22.52,23.58,24.2,22.45,271008,99732709.0,7.67,3.29,0.75,4.22
13,2024-02-21,国晟科技,603778,22.27,22.83,23.58,22.02,275879,99440747.0,6.95,1.69,0.38,4.29
12,2024-02-20,国晟科技,603778,21.83,22.45,22.58,21.52,204593,71214802.0,4.75,0.54,0.12,3.18
11,2024-02-19,国晟科技,603778,21.39,22.33,22.45,19.64,287680,97051917.0,12.99,3.19,0.69,4.48
10,2024-02-08,国晟科技,603778,20.52,21.64,22.2,19.08,364692,117367694.0,14.76,2.37,0.5,5.67
9,2024-02-07,国晟科技,603778,23.45,21.14,23.45,21.14,356059,121582935.0,9.85,-9.85,-2.31,5.54
8,2024-02-06,国晟科技,603778,23.45,23.45,24.89,23.45,356145,132589661.0,5.53,-9.88,-2.57,5.54
7,2024-02-05,国晟科技,603778,28.83,26.02,29.2,26.02,324874,135608409.0,11.03,-9.75,-2.81,5.05
6,2024-02-02,国晟科技,603778,31.14,28.83,31.64,28.27,772249,361546031.0,11.2,-4.16,-1.25,12.01
5,2024-02-01,国晟科技,603778,27.08,30.08,30.08,26.2,212953,96859437.0,14.17,9.82,2.69,3.31
4,2024-01-31,国晟科技,603778,29.02,27.39,30.89,27.2,547245,251479777.0,12.72,-5.62,-1.63,8.51
3,2024-01-30,国晟科技,603778,25.45,29.02,29.02,25.14,373753,160647552.0,14.7,9.97,2.63,5.81
2,2024-01-29,国晟科技,603778,27.95,26.39,28.52,26.39,355199,151324679.0,7.28,-9.84,-2.88,5.53
1,2024-01-26,国晟科技,603778,26.7,29.27,29.27,26.52,252356,111102359.0,10.32,9.87,2.63,3.93
0,2024-01-25,国晟科技,603778,26.2,26.64,26.7,25.89,148477,61578670.0,3.09,1.68,0.44,2.31
